10 10
1.598145 0.607021 1.922562 2.669984 -2.199405 1.241756 0.845813 0.994682 -1.104085 1.598145
0.000000 -3.032461 -2.219110 -3.427925 5.478489 -2.128061 1.605031 -0.294452 3.532145 -4.722383
0.000000 0.000000 1.722239 3.129439 -4.114098 2.982956 -2.453856 -1.305837 -4.095004 2.031942
0.000000 0.000000 0.000000 2.042667 -3.451173 6.666748 -10.096759 -2.672131 -6.226897 0.517049
0.000000 0.000000 0.000000 0.000000 -5.418451 5.572010 -9.823334 0.899918 -8.713051 -0.143363
0.000000 0.000000 0.000000 0.000000 0.000000 6.243534 -2.335458 -1.822846 0.414735 -0.892431
0.000000 0.000000 0.000000 0.000000 0.000000 0.000000 4.446797 -4.289702 4.505707 1.213892
0.000000 0.000000 0.000000 0.000000 0.000000 0.000000 0.000000 -11.088195 3.330534 3.477354
0.000000 0.000000 0.000000 0.000000 0.000000 0.000000 0.000000 0.000000 -4.049329 -4.524543
0.000000 0.000000 0.000000 0.000000 0.000000 0.000000 0.000000 0.000000 0.000000 -3.821911
