10 10
1.598145 0.607021 1.922562 2.669984 -2.199405 1.241756 0.845813 0.994682 -1.104085 1.598145
2.724926 -1.997457 1.058966 1.124548 1.728380 -0.010798 3.047189 1.401536 1.649617 -1.997457
-1.935855 -1.586511 -1.229496 -1.066977 0.087896 0.881449 -3.027865 -2.593362 -1.766129 -1.229496
2.652039 2.171388 -0.363216 -0.215806 1.319794 1.913925 -3.032376 2.431831 1.059997 -0.215806
-1.919454 -2.033876 -0.403668 -2.846843 -1.571260 -2.855069 2.396238 1.808403 -2.418076 -1.571260
-2.840350 1.829723 0.360035 -1.217734 -2.623590 1.991265 2.276203 -0.621702 0.260737 1.991265
2.672322 -0.155953 -1.220395 -1.591723 1.326575 2.604895 -1.642873 -1.614459 2.780411 -1.642873
0.635140 -2.109650 0.723076 -2.600842 2.049636 2.370534 0.898295 -2.039713 0.638232 -2.039713
2.390257 -0.025078 1.630521 0.595206 -0.576217 -0.300962 2.097715 -3.104865 -2.647505 -2.647505
-0.381051 1.730726 1.205425 -1.908198 -2.577889 -0.702939 0.132144 0.003706 -2.539877 -1.631605
