10 10
1.000000 0.000000 0.000000 0.000000 0.000000 0.000000 0.000000 0.000000 0.000000 0.000000
1.705056 1.000000 0.000000 0.000000 0.000000 0.000000 0.000000 0.000000 0.000000 0.000000
-1.211314 0.280702 1.000000 0.000000 0.000000 0.000000 0.000000 0.000000 0.000000 0.000000
1.659449 -0.383869 -2.557983 1.000000 0.000000 0.000000 0.000000 0.000000 0.000000 0.000000
-1.201052 0.430282 1.660786 -1.646088 1.000000 0.000000 0.000000 0.000000 0.000000 0.000000
-1.777280 -0.959144 0.957195 -1.349111 0.368354 1.000000 0.000000 0.000000 0.000000 0.000000
1.672141 0.386147 -2.077694 0.866215 0.492686 -0.155708 1.000000 0.000000 0.000000 0.000000
0.397424 0.775243 0.975099 -1.985637 0.768587 1.533311 -1.620674 1.000000 0.000000 0.000000
1.495645 0.307659 -0.326447 -0.647151 0.470367 0.186402 -0.436358 0.776761 1.000000 0.000000
-0.238433 -0.618461 0.169195 -1.919603 1.041417 0.763516 -1.265355 0.885910 0.091600 1.000000
